15 0.165000 0.276190 0.206000 0.412698
16 0.164000 0.434921 0.172000 0.038095
15 0.390000 0.273016 0.204000 0.412698
16 0.396000 0.426984 0.176000 0.034921
15 0.620000 0.274603 0.204000 0.409524
16 0.622000 0.431746 0.172000 0.038095
15 0.842000 0.266667 0.204000 0.419048
16 0.841000 0.419048 0.174000 0.038095
15 0.166000 0.726984 0.208000 0.419048
16 0.163000 0.882540 0.170000 0.038095
15 0.391000 0.722222 0.210000 0.415873
16 0.392000 0.874603 0.172000 0.034921
15 0.618000 0.714286 0.204000 0.412698
16 0.614000 0.869841 0.172000 0.038095
15 0.843000 0.709524 0.206000 0.422222
16 0.845000 0.861905 0.174000 0.041270
