15 0.208333 0.212500 0.263333 0.255000
16 0.203333 0.306250 0.206667 0.022500
15 0.486667 0.215000 0.273333 0.265000
16 0.480000 0.310000 0.233333 0.030000
15 0.793333 0.275000 0.273333 0.260000
16 0.795000 0.373750 0.243333 0.027500
15 0.226667 0.491250 0.253333 0.267500
16 0.221667 0.590000 0.216667 0.020000
15 0.516667 0.508750 0.273333 0.277500
16 0.520000 0.612500 0.240000 0.025000
15 0.826667 0.562500 0.300000 0.285000
16 0.836667 0.671250 0.260000 0.032500
15 0.211667 0.785000 0.270000 0.290000
16 0.211667 0.892500 0.243333 0.025000
15 0.505000 0.816250 0.290000 0.302500
16 0.510000 0.932500 0.246667 0.035000
15 0.818333 0.856250 0.310000 0.287500
16 0.826667 0.987500 0.253333 0.025000
